Read times - Current graph	Current(A) - Current graph
0	0.422
1	0.383
2	0.383
3	0.46
4	0.461
5	0.481
6	0.866
7	0.868
8	0.869
9	0.872
10	0.87
11	0.872
12	0.873
13	0.871
14	0.879
15	0.875
16	0.875
17	0.878
18	0.51
19	0.482
20	0.463
21	0.481
22	0.463
23	0.465
24	0.482
25	0.464
26	0.463
27	0.462
28	0.463
29	0.73
30	0.635
31	0.633
32	0.633
33	0.633
34	0.573
35	0.555
36	0.555
37	0.577
38	0.555
39	0.557
40	0.555
41	0.571
42	0.588
43	0.554
44	0.556
45	0.554
46	0.555
47	0.555
48	0.633
49	0.632
50	0.633
51	0.633
52	0.556
53	0.57
54	0.555
55	0.556
56	0.633
57	0.634
58	0.633
59	0.634
60	0.572
61	0.555
62	0.555
63	0.556
64	0.555
65	0.556
66	0.557
67	0.555
68	0.555
69	0.555
70	0.573
71	0.554
72	0.555
73	0.556
74	0.555
75	0.568
76	0.684
77	0.563
78	0.554
79	0.555
80	0.594
81	0.554
82	0.555
83	0.554
84	0.573
85	0.555
86	0.555
87	0.554
88	0.602
89	0.554
90	0.573
91	0.554
92	0.554
93	0.565
94	0.554
95	0.554
96	0.555
97	0.554
98	0.554
99	0.554
100	0.606
101	0.556
102	0.571
103	0.555
104	0.554
105	0.554
106	0.555
107	0.555
108	0.554
109	0.554
110	0.574
111	0.562
112	0.633
113	0.594
114	0.555
115	0.555
116	0.568
117	0.554
118	0.559
119	0.554
120	0.562
121	0.554
122	0.556
123	0.554
124	0.567
125	0.554
126	0.572
127	0.557
128	0.554
129	0.554
130	0.554
131	0.556
132	0.554
133	0.555
134	0.554
135	0.664
136	0.568
137	0.554
138	0.554
139	0.555
140	0.571
141	0.553
142	0.553
143	0.557
144	0.555
145	0.554
146	0.571
147	0.553
148	0.555
149	0.553
150	0.554
151	0.554
152	0.553
153	0.563
154	0.554
155	0.553
156	0.553
157	0.554
158	0.562
159	0.682
160	0.554
161	0.554
162	0.554
163	0.554
164	0.553
165	0.553
166	0.553
167	0.553
168	0.554
169	0.554
170	0.554
171	0.67
172	0.571
173	0.553
174	0.554
175	0.553
176	0.559
177	0.554
178	0.554
179	0.553
180	0.553
181	0.553
182	0.571
183	0.572
184	0.554
185	0.557
186	0.553
187	0.562
188	0.554
189	0.554
190	0.554
191	0.554
192	0.554
193	0.554
194	0.553
195	0.554
196	0.554
197	0.553
198	0.554
199	0.553
200	0.563
201	0.553
202	0.556
203	0.553
204	0.554
205	0.554
206	0.754
207	0.567
208	0.554
209	0.565
210	0.553
211	0.553
212	0.592
213	0.553
214	0.553
215	0.553
216	0.554
217	0.552
218	0.622
219	0.553
220	0.554
221	0.553
222	0.553
223	0.631
224	0.631
225	0.633
226	0.631
227	0.63
228	0.649
229	0.575
230	0.643
231	0.631
232	0.631
233	0.641
234	0.627
235	0.553
236	0.553
237	0.553
238	0.571
239	0.552
240	0.574
241	0.552
242	0.64
243	0.571
244	0.553
245	0.554
246	0.553
247	0.63
248	0.63
249	0.632
250	0.632
251	0.591
252	0.553
253	0.554
254	0.565
255	0.63
256	0.633
257	0.631
258	0.631
259	0.554
260	0.553
261	0.631
262	0.631
263	0.63
264	0.592
265	0.553
266	0.592
267	0.553
268	0.554
269	0.553
270	0.553
271	0.553
272	0.553
273	0.553
274	0.564
275	0.553
276	0.554
277	0.553
278	0.557
279	0.553
280	0.555
281	0.553
282	0.553
283	0.553
284	0.571
285	0.554
286	0.553
287	0.553
288	0.554
289	0.766
290	0.553
291	0.553
292	0.553
293	0.553
294	0.559
295	0.553
296	0.553
297	0.552
298	0.592
299	0.571
300	0.554
301	0.627
302	0.554
303	0.553
304	0.557
305	0.553
306	0.553
307	0.557
308	0.553
309	0.553
310	0.553
311	0.553
312	0.631
313	0.688
314	0.631
315	0.632
316	0.632
317	0.554
318	0.554
319	0.553
320	0.631
321	0.632
322	0.631
323	0.572
324	0.553
325	0.569
326	0.554
327	0.553
328	0.592
329	0.632
330	0.631
331	0.631
332	0.554
333	0.554
334	0.569
335	0.632
336	0.631
337	0.643
338	0.553
339	0.554
340	0.567
341	0.554
342	0.554
343	0.554
344	0.554
345	0.571
346	0.554
347	0.554
348	0.553
349	0.566
350	0.554
351	0.631
352	0.631
353	0.631
354	0.631
355	0.572
356	0.553
357	0.603
358	0.554
359	0.554
360	0.693
361	0.559
362	0.554
363	0.554
364	0.554
365	0.632
366	0.631
367	0.635
368	0.633
369	0.555
370	0.553
371	0.554
372	0.685
373	0.633
374	0.632
375	0.632
376	0.632
377	0.633
378	0.633
379	0.631
380	0.554
381	0.553
382	0.554
383	0.632
384	0.683
385	0.632
386	0.632
387	0.554
388	0.554
389	0.554
390	0.566
391	0.554
392	0.554
393	0.554
394	0.554
395	0.554
396	0.61
397	0.554
398	0.554
399	0.563
400	0.554
401	0.65
402	0.631
403	0.632
404	0.632
405	0.557
406	0.57
407	0.593
408	0.561
409	0.554
410	0.555
411	0.572
412	0.554
413	0.554
414	0.554
415	0.554
416	0.574
417	0.553
418	0.554
419	0.601
420	0.561
421	0.554
422	0.554
423	0.565
424	0.554
425	0.554
426	0.554
427	0.554
428	0.554
429	0.557
430	0.554
431	0.64
432	0.585
433	0.555
434	0.554
435	0.554
436	0.554
437	0.554
438	0.555
439	0.554
440	0.555
441	0.554
442	0.554
443	0.643
444	0.554
445	0.554
446	0.554
447	0.566
448	0.555
449	0.555
450	0.555
451	0.554
452	0.567
453	0.554
454	0.554
455	0.565
456	0.554
457	0.573
458	0.554
459	0.555
460	0.554
461	0.555
462	0.575
463	0.555
464	0.554
465	0.577
466	0.554
467	0.586
468	0.554
469	0.554
470	0.562
471	0.554
472	0.572
473	0.555
474	0.554
475	0.554
476	0.554
477	0.555
478	0.555
479	0.557
480	0.554
481	0.554
482	0.558
483	0.57
484	0.555
485	0.554
486	0.554
487	0.555
488	0.566
489	0.554
490	0.661
491	0.56
492	0.555
493	0.555
494	0.56
495	0.554
496	0.555
497	0.557
498	0.562
499	0.555
500	0.554
501	0.555
502	0.636
503	0.558
504	0.555
505	0.555
506	0.567
507	0.554
508	0.572
509	0.594
510	0.555
511	0.555
512	0.554
513	0.558
514	0.615
515	0.555
516	0.555
517	0.555
518	0.573
519	0.555
520	0.556
521	0.633
522	0.555
523	0.555
524	0.555
525	0.555
526	0.644
527	0.558
528	0.573
529	0.555
530	0.568
531	0.555
532	0.555
533	0.555
534	0.555
535	0.556
536	0.555
537	0.555
538	0.585
539	0.564
540	0.556
541	0.555
542	0.556
543	0.555
544	0.555
545	0.555
546	0.555
547	0.556
548	0.565
549	0.556
550	0.685
551	0.555
552	0.556
553	0.556
554	0.574
555	0.556
556	0.555
557	0.556
558	0.556
559	0.558
560	0.556
561	0.556
562	0.56
563	0.567
564	0.574
565	0.635
566	0.557
567	0.557
568	0.556
569	0.557
570	0.556
571	0.573
572	0.556
573	0.652
574	0.575
575	0.557
576	0.556
577	0.557
578	0.557
579	0.557
580	0.557
581	0.577
582	0.556
583	0.557
584	0.569
585	0.638
586	0.599
587	0.557
588	0.557
589	0.557
590	0.557
591	0.557
592	0.558
593	0.558
594	0.557
595	0.557
596	0.557
597	0.619
598	0.557
599	0.558
600	0.558
601	0.557
602	0.558
603	0.557
604	0.568
605	0.557
606	0.558
607	0.597
608	0.558
609	0.563
610	0.578
611	0.56
612	0.558
613	0.566
614	0.558
615	0.561
616	0.581
617	0.558
618	0.558
619	0.559
620	0.577
621	0.568
622	0.601
623	0.559
624	0.558
625	0.576
626	0.558
627	0.581
628	0.558
629	0.559
630	0.575
631	0.56
632	0.559
633	0.56
634	0.559
635	0.56
636	0.56
637	0.57
638	0.559
639	0.559
640	0.562
641	0.56
642	0.559
643	0.56
644	0.69
645	0.566
646	0.604
647	0.56
648	0.56
649	0.561
650	0.561
651	0.561
652	0.56
653	0.56
654	0.561
655	0.567
656	0.615
657	0.6
658	0.561
659	0.562
660	0.562
661	0.591
662	0.562
663	0.562
664	0.569
665	0.639
666	0.66
667	0.64
668	0.61
669	0.562
670	0.563
671	0.573
672	0.563
673	0.563
674	0.563
675	0.563
676	0.602
677	0.563
678	0.563
679	0.564
680	0.644
681	0.582
682	0.564
683	0.564
684	0.563
685	0.563
686	0.565
687	0.571
688	0.563
689	0.566
690	0.564
691	0.564
692	0.571
693	0.564
694	0.566
695	0.564
696	0.564
697	0.614
698	0.564
699	0.565
700	0.565
701	0.565
702	0.596
703	0.638
704	0.566
705	0.585
706	0.565
707	0.566
708	0.567
709	0.567
710	0.566
711	0.567
712	0.567
713	0.566
714	0.566
715	0.566
716	0.59
717	0.569
718	0.568
719	0.568
720	0.588
721	0.569
722	0.587
723	0.57
724	0.569
725	0.571
726	0.571
727	0.74
728	0.572
729	0.571
730	0.572
731	0.572
732	0.573
733	0.573
734	0.573
735	0.575
736	0.574
737	0.592
738	0.591
739	0.62
740	0.613
741	0.574
742	0.577
743	0.618
744	0.577
745	0.574
746	0.574
747	0.575
748	0.574
749	0.576
750	0.534
751	0.468
752	0.443
753	0.403
754	0.389
755	0.389
756	0.389
757	0.396
758	0.394
759	0.388
760	0.394
761	0.388
762	0.48
763	0.466
764	0.466
765	0.465
766	0.468
767	0.466
768	0.467
769	0.466
770	0.464
771	0.465
772	0.466
773	0.47
774	0.465
775	0.465
776	0.465
777	0.471
778	0.467
779	0.465
780	0.464
781	0.47
782	0.47
783	0.483
784	0.481
785	0.465
786	0.465
787	0.464
788	0.473
789	0.465
790	0.465
791	0.465
792	0.464
793	0.483
794	0.469
795	0.464
796	0.467
797	0.464
798	0.483
799	0.489
800	0.469
801	0.465
802	0.465
803	0.468
804	0.465
805	0.467
806	0.464
807	0.742
808	0.629
809	0.63
810	0.634
811	0.555
812	0.556
813	0.576
814	0.555
815	0.556
816	0.556
817	0.555
818	0.567
819	0.683
820	0.635
821	0.635
822	0.624
823	0.635
824	0.637
825	0.637
826	0.559
827	0.556
828	0.557
829	0.559
830	0.557
831	0.688
832	0.558
833	0.56
834	0.558
835	0.559
836	0.569
837	0.559
838	0.558
839	0.577
840	0.559
841	0.557
842	0.56
843	0.608
844	0.574
845	0.558
846	0.558
847	0.559
848	0.56
849	0.566
850	0.559
851	0.569
852	0.559
853	0.559
854	0.577
855	0.564
856	0.559
857	0.559
858	0.559
859	0.558
860	0.57
861	0.559
862	0.56
863	0.559
864	0.558
865	0.559
866	0.558
867	0.565
868	0.559
869	0.571
870	0.559
871	0.559
872	0.559
873	0.559
874	0.599
875	0.56
876	0.559
877	0.56
878	0.646
879	0.56
880	0.57
881	0.56
882	0.56
883	0.56
884	0.56
885	0.56
886	0.56
887	0.56
888	0.56
889	0.558
890	0.648
891	0.561
892	0.56
893	0.573
894	0.56
895	0.57
896	0.56
897	0.56
898	0.562
899	0.559
900	0.578
901	0.561
902	0.687
903	0.559
904	0.6
905	0.561
906	0.56
907	0.56
908	0.561
909	0.559
910	0.578
911	0.572
912	0.56
913	0.56
914	0.57
915	0.576
916	0.634
917	0.561
918	0.56
919	0.56
920	0.56
921	0.56
922	0.56
923	0.561
924	0.561
925	0.561
926	0.609
927	0.56
928	0.561
929	0.561
930	0.561
931	0.563
932	0.56
933	0.6
934	0.568
935	0.561
936	0.641
937	0.64
938	0.645
939	0.6
940	0.561
941	0.564
942	0.561
943	0.561
944	0.56
945	0.561
946	0.561
947	0.561
948	0.561
949	0.677
950	0.561
951	0.569
952	0.561
953	0.561
954	0.561
955	0.562
956	0.579
957	0.561
958	0.57
959	0.561
960	0.561
961	0.645
962	0.561
963	0.56
964	0.561
965	0.561
966	0.574
967	0.571
968	0.561
969	0.6
970	0.562
971	0.579
972	0.56
973	0.649
974	0.561
975	0.561
976	0.562
977	0.561
978	0.561
979	0.561
980	0.561
981	0.561
982	0.561
983	0.563
984	0.561
985	0.611
986	0.56
987	0.561
988	0.561
989	0.56
990	0.561
991	0.582
992	0.563
993	0.64
994	0.561
995	0.561
996	0.562
997	0.601
998	0.562
999	0.562
1000	0.561
1001	0.561
1002	0.561
1003	0.56
1004	0.561
1005	0.562
1006	0.561
1007	0.578
1008	0.561
1009	0.586
1010	0.562
1011	0.562
1012	0.577
1013	0.561
1014	0.569
1015	0.562
1016	0.562
1017	0.561
1018	0.561
1019	0.562
1020	0.672
1021	0.568
1022	0.563
1023	0.561
1024	0.562
1025	0.562
1026	0.641
1027	0.58
1028	0.562
1029	0.561
1030	0.562
1031	0.561
1032	0.656
1033	0.562
1034	0.563
1035	0.562
1036	0.561
1037	0.562
1038	0.566
1039	0.564
1040	0.561
1041	0.562
1042	0.562
1043	0.562
1044	0.618
1045	0.562
1046	0.562
1047	0.567
1048	0.561
1049	0.563
1050	0.562
1051	0.561
1052	0.562
1053	0.574
1054	0.562
1055	0.562
1056	0.669
1057	0.562
1058	0.561
1059	0.573
1060	0.561
1061	0.566
1062	0.563
1063	0.58
1064	0.561
1065	0.579
1066	0.563
1067	0.562
1068	0.574
1069	0.561
1070	0.583
1071	0.563
1072	0.563
1073	0.64
1074	0.64
1075	0.639
1076	0.64
1077	0.561
1078	0.562
1079	0.562
1080	0.565
1081	0.583
1082	0.641
1083	0.66
1084	0.641
1085	0.641
1086	0.563
1087	0.562
1088	0.64
1089	0.64
1090	0.64
1091	0.641
1092	0.586
1093	0.563
1094	0.562
1095	0.562
1096	0.562
1097	0.562
1098	0.563
1099	0.562
1100	0.562
1101	0.562
1102	0.562
1103	0.648
1104	0.603
1105	0.562
1106	0.562
1107	0.574
1108	0.562
1109	0.581
1110	0.563
1111	0.563
1112	0.562
1113	0.563
1114	0.563
1115	0.649
1116	0.563
1117	0.562
1118	0.563
1119	0.581
1120	0.563
1121	0.563
1122	0.563
1123	0.564
1124	0.567
1125	0.577
1126	0.563
1127	0.721
1128	0.563
1129	0.564
1130	0.573
1131	0.563
1132	0.563
1133	0.563
1134	0.564
1135	0.563
1136	0.563
1137	0.563
1138	0.564
1139	0.581
1140	0.563
1141	0.563
1142	0.563
1143	0.564
1144	0.563
1145	0.566
1146	0.563
1147	0.591
1148	0.57
1149	0.564
1150	0.563
1151	0.576
1152	0.562
1153	0.563
1154	0.567
1155	0.564
1156	0.563
1157	0.564
1158	0.564
1159	0.564
1160	0.563
1161	0.563
1162	0.562
1163	0.566
1164	0.564
1165	0.621
1166	0.564
1167	0.564
1168	0.563
1169	0.565
1170	0.572
1171	0.61
1172	0.618
1173	0.565
1174	0.694
1175	0.59
1176	0.563
1177	0.565
1178	0.565
1179	0.565
1180	0.582
1181	0.575
1182	0.565
1183	0.564
1184	0.565
1185	0.573
1186	0.622
1187	0.565
1188	0.438
1189	0.438
1190	0.392
1191	0.391
1192	0.401
1193	0.39
1194	0.39
1195	0.39
1196	0.389
1197	0.389
1198	0.565
1199	0.516
1200	0.475
1201	0.466
1202	0.472
1203	0.475
1204	0.474
1205	0.467
1206	0.468
1207	0.467
1208	0.467
1209	0.471
1210	0.466
1211	0.467
1212	0.483
1213	0.467
1214	0.466
1215	0.467
1216	0.467
1217	0.468
1218	0.466
1219	0.466
1220	0.47
1221	0.489
1222	0.466
1223	0.466
1224	0.467
1225	0.469
1226	0.489
1227	0.466
1228	0.471
1229	0.466
1230	0.466
1231	0.472
1232	0.466
1233	0.465
1234	0.469
1235	0.491
1236	0.484
1237	0.471
1238	0.466
1239	0.468
1240	0.465
1241	0.467
1242	0.466
1243	0.47
1244	0.466
1245	0.472
1246	0.466
1247	0.475
1248	0.466
1249	0.466
1250	0.481
1251	0.465
1252	0.466
1253	0.468
1254	0.471
1255	0.465
1256	0.465
1257	0.469
1258	0.484
1259	0.465
1260	0.47
1261	0.493
1262	0.388
1263	0.387
1264	0.387
1265	0.47
1266	0.471
1267	0.466
1268	0.464
1269	0.468
1270	0.47
1271	0.464
1272	0.466
1273	0.468
1274	0.464
1275	0.464
1276	0.477
1277	0.477
1278	0.464
1279	0.464
1280	0.466
1281	0.457
1282	0.484
1283	0.466
1284	0.477
1285	0.472
1286	0.473
1287	0.465
1288	0.467
1289	0.465
1290	0.464
1291	0.485
1292	0.484
1293	0.464
1294	0.464
1295	0.468
1296	0.465
1297	0.474
1298	0.464
1299	0.465
1300	0.464
1301	0.463
1302	0.464
1303	0.47
1304	0.468
1305	0.468
1306	0.485
1307	0.465
1308	0.464
1309	0.464
1310	0.471
1311	0.468
1312	0.464
1313	0.464
1314	0.464
1315	0.464
1316	0.465
1317	0.468
1318	0.468
1319	0.464
1320	0.464
1321	0.467
1322	0.464
1323	0.464
1324	0.464
1325	0.47
1326	0.468
1327	0.465
1328	0.464
1329	0.678
1330	0.626
1331	0.631
1332	0.631
1333	0.633
1334	0.633
1335	0.634
1336	0.634
1337	0.557
1338	0.575
1339	0.586
1340	0.557
1341	0.685
1342	0.635
1343	0.653
1344	0.64
1345	0.636
1346	0.558
1347	0.558
1348	0.576
1349	0.558
1350	0.559
1351	0.558
1352	0.558
1353	0.582
1354	0.558
1355	0.558
1356	0.558
1357	0.559
1358	0.558
1359	0.558
1360	0.558
1361	0.559
1362	0.607
1363	0.559
1364	0.561
1365	0.567
1366	0.559
1367	0.56
1368	0.558
1369	0.561
1370	0.557
1371	0.561
1372	0.559
1373	0.558
1374	0.56
1375	0.558
1376	0.593
1377	0.591
1378	0.561
1379	0.56
1380	0.561
1381	0.559
1382	0.56
1383	0.56
1384	0.559
1385	0.562
1386	0.575
1387	0.56
1388	0.696
1389	0.568
1390	0.56
1391	0.562
1392	0.56
1393	0.559
1394	0.575
1395	0.578
1396	0.559
1397	0.562
1398	0.56
1399	0.579
1400	0.693
1401	0.561
1402	0.563
1403	0.561
1404	0.564
1405	0.559
1406	0.562
1407	0.562
1408	0.559
1409	0.579
1410	0.561
1411	0.561
1412	0.61
1413	0.561
1414	0.561
1415	0.562
1416	0.56
1417	0.562
1418	0.638
1419	0.638
1420	0.639
1421	0.64
1422	0.64
1423	0.561
1424	0.611
1425	0.56
1426	0.641
1427	0.643
1428	0.643
1429	0.601
1430	0.56
1431	0.561
1432	0.561
1433	0.562
1434	0.562
1435	0.575
1436	0.565
1437	0.572
1438	0.561
1439	0.561
1440	0.561
1441	0.561
1442	0.565
1443	0.561
1444	0.563
1445	0.579
1446	0.562
1447	0.65
1448	0.562
1449	0.561
1450	0.571
1451	0.561
1452	0.562
1453	0.562
1454	0.562
1455	0.58
1456	0.562
1457	0.562
1458	0.562
1459	0.586
1460	0.572
1461	0.562
1462	0.562
1463	0.561
1464	0.562
1465	0.578
1466	0.562
1467	0.561
1468	0.562
1469	0.562
1470	0.561
1471	0.696
1472	0.562
1473	0.562
1474	0.562
1475	0.562
1476	0.562
1477	0.562
1478	0.562
1479	0.561
1480	0.601
1481	0.562
1482	0.562
1483	0.594
1484	0.578
1485	0.562
1486	0.561
1487	0.563
1488	0.561
1489	0.562
1490	0.562
1491	0.579
1492	0.562
1493	0.571
1494	0.561
1495	0.612
1496	0.561
1497	0.562
1498	0.561
1499	0.561
1500	0.562
1501	0.579
1502	0.573
1503	0.562
1504	0.561
1505	0.562
1506	0.565
1507	0.568
1508	0.561
1509	0.561
1510	0.561
1511	0.626
1512	0.562
1513	0.566
1514	0.602
1515	0.561
1516	0.563
1517	0.563
1518	0.647
1519	0.567
1520	0.579
1521	0.58
1522	0.623
1523	0.561
1524	0.565
1525	0.562
1526	0.562
1527	0.563
1528	0.563
1529	0.562
1530	0.65
1531	0.563
1532	0.562
1533	0.562
1534	0.563
1535	0.61
1536	0.562
1537	0.561
1538	0.563
1539	0.562
1540	0.563
1541	0.562
1542	0.652
1543	0.575
1544	0.563
1545	0.564
1546	0.624
1547	0.58
1548	0.562
1549	0.562
1550	0.562
1551	0.563
1552	0.561
1553	0.574
1554	0.695
1555	0.563
1556	0.563
1557	0.581
1558	0.64
1559	0.561
1560	0.562
1561	0.563
1562	0.568
1563	0.563
1564	0.561
1565	0.562
1566	0.614
1567	0.581
1568	0.561
1569	0.562
1570	0.562
1571	0.561
1572	0.562
1573	0.563
1574	0.562
1575	0.564
1576	0.572
1577	0.575
1578	0.614
1579	0.603
1580	0.563
1581	0.562
1582	0.562
1583	0.563
1584	0.562
1585	0.586
1586	0.64
1587	0.641
1588	0.64
1589	0.641
1590	0.566
1591	0.562
1592	0.563
1593	0.641
1594	0.642
1595	0.643
1596	0.641
1597	0.565
1598	0.564
1599	0.569
1600	0.607
1601	0.656
1602	0.563
1603	0.581
1604	0.564
1605	0.563
1606	0.563
1607	0.564
1608	0.566
1609	0.659
1610	0.646
1611	0.648
1612	0.646
1613	0.708
1614	0.565
1615	0.592
1616	0.642
1617	0.642
1618	0.664
1619	0.567
1620	0.565
1621	0.564
1622	0.564
1623	0.575
1624	0.563
1625	0.659
1626	0.564
1627	0.591
1628	0.565
1629	0.563
1630	0.564
1631	0.562
1632	0.563
1633	0.565
1634	0.565
1635	0.564
1636	0.582
1637	0.578
1638	0.564
1639	0.563
1640	0.564
1641	0.565
1642	0.564
1643	0.564
1644	0.564
1645	0.565
1646	0.563
1647	0.563
1648	0.563
1649	0.618
1650	0.564
1651	0.572
1652	0.564
1653	0.565
1654	0.564
1655	0.563
1656	0.566
1657	0.565
1658	0.564
1659	0.595
1660	0.566
1661	0.573
1662	0.564
1663	0.565
1664	0.584
1665	0.564
1666	0.567
1667	0.564
1668	0.565
1669	0.579
1670	0.565
1671	0.563
1672	0.61
1673	0.575
1674	0.599
1675	0.565
1676	0.566
1677	0.565
1678	0.564
1679	0.566
1680	0.566
1681	0.565
1682	0.566
1683	0.602
1684	0.652
1685	0.567
1686	0.562
1687	0.438
1688	0.415
1689	0.394
1690	0.394
1691	0.396
1692	0.401
1693	0.393
1694	0.393
1695	0.39
1696	0.508
1697	0.548
1698	0.469
1699	0.468
1700	0.467
1701	0.471
1702	0.469
1703	0.472
1704	0.467
1705	0.472
1706	0.469
1707	0.468
1708	0.467
1709	0.475
1710	0.467
1711	0.468
1712	0.495
1713	0.466
1714	0.467
1715	0.481
1716	0.479
1717	0.47
1718	0.466
1719	0.466
1720	0.487
1721	0.47
1722	0.469
1723	0.472
1724	0.468
1725	0.477
1726	0.469
1727	0.475
1728	0.47
1729	0.466
1730	0.484
1731	0.468
1732	0.466
1733	0.466
1734	0.47
1735	0.475
1736	0.472
1737	0.466
1738	0.479
1739	0.466
1740	0.466
1741	0.465
1742	0.469
1743	0.467
1744	0.465
1745	0.466
1746	0.471
1747	0.466
1748	0.467
1749	0.468
1750	0.468
1751	0.469
1752	0.465
1753	0.49
1754	0.465
1755	0.465
1756	0.465
1757	0.471
1758	0.465
1759	0.465
1760	0.465
1761	0.471
1762	0.466
1763	0.466
1764	0.466
1765	0.465
1766	0.466
1767	0.467
1768	0.499
1769	0.47
1770	0.465
1771	0.472
1772	0.469
1773	0.465
1774	0.465
1775	0.467
1776	0.485
1777	0.468
1778	0.465
1779	0.471
1780	0.47
1781	0.47
1782	0.467
1783	0.486
1784	0.454
1785	0.465
1786	0.488
1787	0.468
1788	0.465
1789	0.467
1790	0.467
1791	0.482
1792	0.464
1793	0.464
1794	0.466
1795	0.466
1796	0.466
1797	0.465
1798	0.467
1799	0.481
1800	0.47
1801	0.47
1802	0.47
1803	0.468
1804	0.466
1805	0.466
1806	0.464
1807	0.466
1808	0.495
1809	0.478
1810	0.47
1811	0.464
1812	0.465
1813	0.465
1814	0.464
1815	0.465
1816	0.465
1817	0.468
1818	0.464
1819	0.468
1820	0.465
1821	0.466
1822	0.465
1823	0.468
1824	0.484
1825	0.47
1826	0.466
1827	0.47
1828	0.468
1829	0.466
1830	0.465
1831	0.468
1832	0.491
1833	0.466
1834	0.465
1835	0.465
1836	0.465
1837	0.483
1838	0.464
1839	0.48
1840	0.467
1841	0.467
1842	0.48
1843	0.473
1844	0.468
1845	0.468
1846	0.466
1847	0.484
1848	0.465
1849	0.466
1850	0.486
1851	0.465
1852	0.47
1853	0.465
1854	0.47
1855	0.47
1856	0.466
1857	0.475
1858	0.473
1859	0.469
1860	0.467
1861	0.465
1862	0.473
1863	0.467
1864	0.474
1865	0.489
1866	0.466
1867	0.466
1868	0.466
1869	0.465
1870	0.464
1871	0.464
1872	0.464
1873	0.472
1874	0.464
1875	0.466
1876	0.468
1877	0.464
1878	0.464
1879	0.467
1880	0.477
1881	0.464
1882	0.465
1883	0.466
1884	0.471
1885	0.465
1886	0.465
1887	0.466
1888	0.477
1889	0.464
1890	0.464
1891	0.463
1892	0.464
1893	0.484
1894	0.464
1895	0.476
1896	0.469
1897	0.467
1898	0.464
1899	0.475
1900	0.464
1901	0.468
1902	0.465
1903	0.487
1904	0.465
1905	0.465
1906	0.483
1907	0.465
1908	0.465
1909	0.464
1910	0.468
1911	0.465
1912	0.468
1913	0.465
1914	0.469
1915	0.473
1916	0.469
1917	0.465
1918	0.464
1919	0.47
1920	0.472
1921	0.488
1922	0.465
1923	0.467
1924	0.47
1925	0.467
1926	0.464
1927	0.464
1928	0.465
1929	0.484
1930	0.464
1931	0.465
1932	0.464
1933	0.468
1934	0.467
1935	0.467
1936	0.483
1937	0.464
1938	0.47
1939	0.475
1940	0.472
1941	0.464
1942	0.464
1943	0.464
1944	0.473
1945	0.467
1946	0.464
1947	0.463
1948	0.472
1949	0.485
1950	0.465
1951	0.47
1952	0.468
1953	0.464
1954	0.464
1955	0.803
1956	0.655
1957	0.652
1958	0.655
1959	0.593
1960	0.614
1961	0.652
1962	0.652
1963	0.654
1964	0.652
1965	0.574
1966	0.602
1967	0.67
1968	0.576
1969	0.574
1970	0.574
1971	0.585
1972	0.575
1973	0.574
1974	0.574
1975	0.574
1976	0.574
1977	0.575
1978	0.574
1979	0.71
1980	0.575
1981	0.575
1982	0.574
1983	0.575
1984	0.577
1985	0.593
1986	0.575
1987	0.574
1988	0.577
1989	0.589
1990	0.575
1991	0.709
1992	0.654
1993	0.653
1994	0.614
1995	0.574
1996	0.574
1997	0.574
1998	0.575
1999	0.574
2000	0.579
2001	0.575
2002	0.575
2003	0.629
2004	0.578
2005	0.593
2006	0.574
2007	0.615
2008	0.575
2009	0.575
2010	0.575
2011	0.574
2012	0.575
2013	0.615
2014	0.576
2015	0.599
2016	0.575
2017	0.575
2018	0.575
2019	0.575
2020	0.574
2021	0.653
2022	0.666
2023	0.654
2024	0.654
2025	0.575
2026	0.664
2027	0.588
2028	0.615
2029	0.654
2030	0.66
2031	0.663
2032	0.659
2033	0.659
2034	0.655
2035	0.575
2036	0.575
2037	0.576
2038	0.641
2039	0.575
2040	0.662
2041	0.673
2042	0.655
2043	0.654
2044	0.575
2045	0.575
2046	0.575
2047	0.575
2048	0.575
2049	0.575
2050	0.705
2051	0.575
2052	0.575
2053	0.575
2054	0.575
2055	0.575
2056	0.589
2057	0.575
2058	0.575
2059	0.575
2060	0.575
2061	0.595
2062	0.713
2063	0.654
2064	0.664
2065	0.656
2066	0.656
2067	0.576
2068	0.575
2069	0.577
2070	0.575
2071	0.583
2072	0.58
2073	0.575
2074	0.63
2075	0.576
2076	0.594
2077	0.575
2078	0.576
2079	0.576
2080	0.575
2081	0.575
2082	0.597
2083	0.574
2084	0.575
2085	0.575
2086	0.582
2087	0.596
2088	0.575
2089	0.575
2090	0.575
2091	0.575
2092	0.575
2093	0.575
2094	0.575
2095	0.575
2096	0.575
2097	0.594
2098	0.582
2099	0.575
2100	0.575
2101	0.575
2102	0.661
2103	0.655
2104	0.654
2105	0.656
2106	0.654
2107	0.578
2108	0.575
2109	0.664
2110	0.655
2111	0.677
2112	0.672
2113	0.616
2114	0.575
2115	0.575
2116	0.575
2117	0.581
2118	0.577
2119	0.575
2120	0.575
2121	0.67
2122	0.598
2123	0.575
2124	0.574
2125	0.575
2126	0.615
2127	0.654
2128	0.655
2129	0.663
2130	0.578
2131	0.575
2132	0.576
2133	0.737
2134	0.576
2135	0.577
2136	0.576
2137	0.575
2138	0.618
2139	0.578
2140	0.575
2141	0.575
2142	0.575
2143	0.576
2144	0.596
2145	0.582
2146	0.577
2147	0.618
2148	0.576
2149	0.576
2150	0.577
2151	0.576
2152	0.576
2153	0.594
2154	0.575
2155	0.592
2156	0.686
2157	0.585
2158	0.594
2159	0.575
2160	0.576
2161	0.576
2162	0.577
2163	0.575
2164	0.575
2165	0.6
2166	0.596
2167	0.575
2168	0.594
2169	0.577
2170	0.575
2171	0.575
2172	0.579
2173	0.577
2174	0.576
2175	0.576
2176	0.655
2177	0.674
2178	0.655
2179	0.655
2180	0.746
2181	0.579
2182	0.576
2183	0.576
2184	0.576
2185	0.656
2186	0.654
2187	0.655
2188	0.665
2189	0.583
2190	0.577
2191	0.577
2192	0.681
2193	0.577
2194	0.577
2195	0.579
2196	0.576
2197	0.576
2198	0.601
2199	0.577
2200	0.577
2201	0.577
2202	0.576
2203	0.655
2204	0.627
2205	0.577
2206	0.577
2207	0.576
2208	0.577
2209	0.631
2210	0.576
2211	0.576
2212	0.576
2213	0.576
2214	0.594
2215	0.576
2216	0.636
2217	0.576
2218	0.577
2219	0.576
2220	0.576
2221	0.603
2222	0.618
2223	0.619
2224	0.595
2225	0.576
2226	0.576
2227	0.577
2228	0.582
2229	0.583
2230	0.6
2231	0.576
2232	0.576
2233	0.576
2234	0.577
2235	0.577
2236	0.657
2237	0.576
2238	0.576
2239	0.669
2240	0.578
2241	0.576
2242	0.615
2243	0.576
2244	0.576
2245	0.578
2246	0.576
2247	0.576
2248	0.581
2249	0.576
2250	0.574
2251	0.563
2252	0.439
2253	0.439
2254	0.395
2255	0.392
2256	0.392
2257	0.49
2258	0.474
2259	0.468
2260	0.469
2261	0.485
2262	0.468
2263	0.575
2264	0.515
2265	0.487
2266	0.474
2267	0.468
2268	0.483
2269	0.469
2270	0.413
2271	0.39
2272	0.39
2273	0.392
2274	0.389
2275	0.389
2276	0.389
2277	0.472
2278	0.467
2279	0.468
2280	0.625
2281	0.52
2282	0.467
2283	0.467
2284	0.428
2285	0.397
2286	0.39
2287	0.389
2288	0.388
2289	0.466
2290	0.467
2291	0.471
2292	0.472
2293	0.467
2294	0.472
2295	0.467
2296	0.389
2297	0.388
2298	0.388
2299	0.401
2300	0.393
2301	0.394
2302	0.388
2303	0.47
2304	0.467
